a=100000;gg